service_id,monday,tuesday,wednesday,thursday,friday,saturday,sunday,start_date,end_date
000001,0,0,0,0,0,0,0,20140619,20141017
000002,0,0,0,0,0,0,0,20140619,20141017
000003,0,0,0,0,0,0,0,20140619,20141017
000004,0,0,0,0,0,0,0,20140619,20141017
000006,0,0,0,0,0,0,0,20140619,20141017
000007,0,0,0,0,0,0,0,20140619,20141017
000008,0,0,0,0,0,0,0,20140619,20141017
000009,0,0,0,0,0,0,0,20140619,20141017
000010,0,0,0,0,0,0,0,20140619,20141017
000011,0,0,0,0,0,0,0,20140619,20141017
000012,0,0,0,0,0,0,0,20140619,20141017
000013,0,0,0,0,0,0,0,20140619,20141017
000014,0,0,0,0,0,0,0,20140619,20141017
000015,0,0,0,0,0,0,0,20140619,20141017
000016,0,0,0,0,0,0,0,20140619,20141017
000017,0,0,0,0,0,0,0,20140619,20141017
000018,0,0,0,0,0,0,0,20140619,20141017
000019,0,0,0,0,0,0,0,20140619,20141017
000020,0,0,0,0,0,0,0,20140619,20141017
000021,0,0,0,0,0,0,0,20140619,20141017
000022,0,0,0,0,0,0,0,20140619,20141017
000023,0,0,0,0,0,0,0,20140619,20141017
000024,0,0,0,0,0,0,0,20140619,20141017
000025,0,0,0,0,0,0,0,20140619,20141017
000026,0,0,0,0,0,0,0,20140619,20141017
000027,0,0,0,0,0,0,0,20140619,20141017
000028,0,0,0,0,0,0,0,20140619,20141017
000029,0,0,0,0,0,0,0,20140619,20141017
000030,0,0,0,0,0,0,0,20140619,20141017
000031,0,0,0,0,0,0,0,20140619,20141017
000032,0,0,0,0,0,0,0,20140619,20141017
000033,0,0,0,0,0,0,0,20140619,20141017
000034,0,0,0,0,0,0,0,20140619,20141017
000035,0,0,0,0,0,0,0,20140619,20141017
000036,0,0,0,0,0,0,0,20140619,20141017
000037,0,0,0,0,0,0,0,20140619,20141017
000038,0,0,0,0,0,0,0,20140619,20141017
000039,0,0,0,0,0,0,0,20140619,20141017
000040,0,0,0,0,0,0,0,20140619,20141017
000041,0,0,0,0,0,0,0,20140619,20141017
000042,0,0,0,0,0,0,0,20140619,20141017
000043,0,0,0,0,0,0,0,20140619,20141017
000044,0,0,0,0,0,0,0,20140619,20141017
000045,0,0,0,0,0,0,0,20140619,20141017
000046,0,0,0,0,0,0,0,20140619,20141017
000047,0,0,0,0,0,0,0,20140619,20141017
000048,0,0,0,0,0,0,0,20140619,20141017
000049,0,0,0,0,0,0,0,20140619,20141017
000050,0,0,0,0,0,0,0,20140619,20141017
000051,0,0,0,0,0,0,0,20140619,20141017
000052,0,0,0,0,0,0,0,20140619,20141017
000053,0,0,0,0,0,0,0,20140619,20141017
000054,0,0,0,0,0,0,0,20140619,20141017
000055,0,0,0,0,0,0,0,20140619,20141017
000056,0,0,0,0,0,0,0,20140619,20141017
000057,0,0,0,0,0,0,0,20140619,20141017
000058,0,0,0,0,0,0,0,20140619,20141017
000059,0,0,0,0,0,0,0,20140619,20141017
000060,0,0,0,0,0,0,0,20140619,20141017
000061,0,0,0,0,0,0,0,20140619,20141017
000062,0,0,0,0,0,0,0,20140619,20141017
000063,0,0,0,0,0,0,0,20140619,20141017
000064,0,0,0,0,0,0,0,20140619,20141017
000065,0,0,0,0,0,0,0,20140619,20141017
000066,0,0,0,0,0,0,0,20140619,20141017
000067,0,0,0,0,0,0,0,20140619,20141017
000068,0,0,0,0,0,0,0,20140619,20141017
000069,0,0,0,0,0,0,0,20140619,20141017
000070,0,0,0,0,0,0,0,20140619,20141017
000071,0,0,0,0,0,0,0,20140619,20141017
000072,0,0,0,0,0,0,0,20140619,20141017
000073,0,0,0,0,0,0,0,20140619,20141017
000074,0,0,0,0,0,0,0,20140619,20141017
000075,0,0,0,0,0,0,0,20140619,20141017
000076,0,0,0,0,0,0,0,20140619,20141017
000077,0,0,0,0,0,0,0,20140619,20141017
000078,0,0,0,0,0,0,0,20140619,20141017
000079,0,0,0,0,0,0,0,20140619,20141017
000080,0,0,0,0,0,0,0,20140619,20141017
000081,0,0,0,0,0,0,0,20140619,20141017
000082,0,0,0,0,0,0,0,20140619,20141017
000083,0,0,0,0,0,0,0,20140619,20141017
000084,0,0,0,0,0,0,0,20140619,20141017
000085,0,0,0,0,0,0,0,20140619,20141017
000086,0,0,0,0,0,0,0,20140619,20141017
000087,0,0,0,0,0,0,0,20140619,20141017
000088,0,0,0,0,0,0,0,20140619,20141017
000089,0,0,0,0,0,0,0,20140619,20141017
000090,0,0,0,0,0,0,0,20140619,20141017
000091,0,0,0,0,0,0,0,20140619,20141017
000092,0,0,0,0,0,0,0,20140619,20141017
000093,0,0,0,0,0,0,0,20140619,20141017
000094,0,0,0,0,0,0,0,20140619,20141017
000095,0,0,0,0,0,0,0,20140619,20141017
000096,0,0,0,0,0,0,0,20140619,20141017
000097,0,0,0,0,0,0,0,20140619,20141017
000098,0,0,0,0,0,0,0,20140619,20141017
000099,0,0,0,0,0,0,0,20140619,20141017
000100,0,0,0,0,0,0,0,20140619,20141017
000101,0,0,0,0,0,0,0,20140619,20141017
000102,0,0,0,0,0,0,0,20140619,20141017
000103,0,0,0,0,0,0,0,20140619,20141017
000104,0,0,0,0,0,0,0,20140619,20141017
000105,0,0,0,0,0,0,0,20140619,20141017
000106,0,0,0,0,0,0,0,20140619,20141017
000107,0,0,0,0,0,0,0,20140619,20141017
000108,0,0,0,0,0,0,0,20140619,20141017
000109,0,0,0,0,0,0,0,20140619,20141017
000110,0,0,0,0,0,0,0,20140619,20141017
000111,0,0,0,0,0,0,0,20140619,20141017
000112,0,0,0,0,0,0,0,20140619,20141017
000113,0,0,0,0,0,0,0,20140619,20141017
000114,0,0,0,0,0,0,0,20140619,20141017
000115,0,0,0,0,0,0,0,20140619,20141017
000116,0,0,0,0,0,0,0,20140619,20141017
000117,0,0,0,0,0,0,0,20140619,20141017
000118,0,0,0,0,0,0,0,20140619,20141017
000119,0,0,0,0,0,0,0,20140619,20141017
000120,0,0,0,0,0,0,0,20140619,20141017
000121,0,0,0,0,0,0,0,20140619,20141017
000122,0,0,0,0,0,0,0,20140619,20141017
000123,0,0,0,0,0,0,0,20140619,20141017
000124,0,0,0,0,0,0,0,20140619,20141017
000125,0,0,0,0,0,0,0,20140619,20141017
000126,0,0,0,0,0,0,0,20140619,20141017
000127,0,0,0,0,0,0,0,20140619,20141017
000128,0,0,0,0,0,0,0,20140619,20141017
000129,0,0,0,0,0,0,0,20140619,20141017
000130,0,0,0,0,0,0,0,20140619,20141017
000131,0,0,0,0,0,0,0,20140619,20141017
000132,0,0,0,0,0,0,0,20140619,20141017
000133,0,0,0,0,0,0,0,20140619,20141017
000134,0,0,0,0,0,0,0,20140619,20141017
000135,0,0,0,0,0,0,0,20140619,20141017
000136,0,0,0,0,0,0,0,20140619,20141017
000137,0,0,0,0,0,0,0,20140619,20141017
000138,0,0,0,0,0,0,0,20140619,20141017
000139,0,0,0,0,0,0,0,20140619,20141017
000140,0,0,0,0,0,0,0,20140619,20141017
000141,0,0,0,0,0,0,0,20140619,20141017
000142,0,0,0,0,0,0,0,20140619,20141017
000143,0,0,0,0,0,0,0,20140619,20141017
000144,0,0,0,0,0,0,0,20140619,20141017
000145,0,0,0,0,0,0,0,20140619,20141017
000146,0,0,0,0,0,0,0,20140619,20141017
000147,0,0,0,0,0,0,0,20140619,20141017
000148,0,0,0,0,0,0,0,20140619,20141017
000149,0,0,0,0,0,0,0,20140619,20141017
000150,0,0,0,0,0,0,0,20140619,20141017
000151,0,0,0,0,0,0,0,20140619,20141017
000152,0,0,0,0,0,0,0,20140619,20141017
000153,0,0,0,0,0,0,0,20140619,20141017
000154,0,0,0,0,0,0,0,20140619,20141017
000155,0,0,0,0,0,0,0,20140619,20141017
000156,0,0,0,0,0,0,0,20140619,20141017
000157,0,0,0,0,0,0,0,20140619,20141017
000158,0,0,0,0,0,0,0,20140619,20141017
000159,0,0,0,0,0,0,0,20140619,20141017
000161,0,0,0,0,0,0,0,20140619,20141017
000162,0,0,0,0,0,0,0,20140619,20141017
000163,0,0,0,0,0,0,0,20140619,20141017
000164,0,0,0,0,0,0,0,20140619,20141017
000165,0,0,0,0,0,0,0,20140619,20141017
000166,0,0,0,0,0,0,0,20140619,20141017
000167,0,0,0,0,0,0,0,20140619,20141017
000168,0,0,0,0,0,0,0,20140619,20141017
000169,0,0,0,0,0,0,0,20140619,20141017
000170,0,0,0,0,0,0,0,20140619,20141017
000171,0,0,0,0,0,0,0,20140619,20141017
000172,0,0,0,0,0,0,0,20140619,20141017
000173,0,0,0,0,0,0,0,20140619,20141017
000174,0,0,0,0,0,0,0,20140619,20141017
000175,0,0,0,0,0,0,0,20140619,20141017
000176,0,0,0,0,0,0,0,20140619,20141017
000177,0,0,0,0,0,0,0,20140619,20141017
000178,0,0,0,0,0,0,0,20140619,20141017
000179,0,0,0,0,0,0,0,20140619,20141017
000180,0,0,0,0,0,0,0,20140619,20141017
000182,0,0,0,0,0,0,0,20140619,20141017
000183,0,0,0,0,0,0,0,20140619,20141017
000184,0,0,0,0,0,0,0,20140619,20141017
000185,0,0,0,0,0,0,0,20140619,20141017
000186,0,0,0,0,0,0,0,20140619,20141017
000187,0,0,0,0,0,0,0,20140619,20141017
000188,0,0,0,0,0,0,0,20140619,20141017
000189,0,0,0,0,0,0,0,20140619,20141017
000190,0,0,0,0,0,0,0,20140619,20141017
000191,0,0,0,0,0,0,0,20140619,20141017
000192,0,0,0,0,0,0,0,20140619,20141017
000193,0,0,0,0,0,0,0,20140619,20141017
000194,0,0,0,0,0,0,0,20140619,20141017
000195,0,0,0,0,0,0,0,20140619,20141017
000196,0,0,0,0,0,0,0,20140619,20141017
000197,0,0,0,0,0,0,0,20140619,20141017
000198,0,0,0,0,0,0,0,20140619,20141017
000199,0,0,0,0,0,0,0,20140619,20141017
000200,0,0,0,0,0,0,0,20140619,20141017
000201,0,0,0,0,0,0,0,20140619,20141017
000202,0,0,0,0,0,0,0,20140619,20141017
000203,0,0,0,0,0,0,0,20140619,20141017
000204,0,0,0,0,0,0,0,20140619,20141017
000205,0,0,0,0,0,0,0,20140619,20141017
000206,0,0,0,0,0,0,0,20140619,20141017
000207,0,0,0,0,0,0,0,20140619,20141017
000208,0,0,0,0,0,0,0,20140619,20141017
000209,0,0,0,0,0,0,0,20140619,20141017
000210,0,0,0,0,0,0,0,20140619,20141017
000211,0,0,0,0,0,0,0,20140619,20141017
000212,0,0,0,0,0,0,0,20140619,20141017
000213,0,0,0,0,0,0,0,20140619,20141017
000214,0,0,0,0,0,0,0,20140619,20141017
000215,0,0,0,0,0,0,0,20140619,20141017
000216,0,0,0,0,0,0,0,20140619,20141017
000217,0,0,0,0,0,0,0,20140619,20141017
000218,0,0,0,0,0,0,0,20140619,20141017
000219,0,0,0,0,0,0,0,20140619,20141017
000220,0,0,0,0,0,0,0,20140619,20141017
000221,0,0,0,0,0,0,0,20140619,20141017
000222,0,0,0,0,0,0,0,20140619,20141017
000223,0,0,0,0,0,0,0,20140619,20141017
000224,0,0,0,0,0,0,0,20140619,20141017
000225,0,0,0,0,0,0,0,20140619,20141017
000226,0,0,0,0,0,0,0,20140619,20141017
000227,0,0,0,0,0,0,0,20140619,20141017
000228,0,0,0,0,0,0,0,20140619,20141017
000229,0,0,0,0,0,0,0,20140619,20141017
000230,0,0,0,0,0,0,0,20140619,20141017
000231,0,0,0,0,0,0,0,20140619,20141017
000232,0,0,0,0,0,0,0,20140619,20141017
000233,0,0,0,0,0,0,0,20140619,20141017
000234,0,0,0,0,0,0,0,20140619,20141017
000235,0,0,0,0,0,0,0,20140619,20141017
000236,0,0,0,0,0,0,0,20140619,20141017
000237,0,0,0,0,0,0,0,20140619,20141017
000238,0,0,0,0,0,0,0,20140619,20141017
000239,0,0,0,0,0,0,0,20140619,20141017
000240,0,0,0,0,0,0,0,20140619,20141017
000241,0,0,0,0,0,0,0,20140619,20141017
000242,0,0,0,0,0,0,0,20140619,20141017
000243,0,0,0,0,0,0,0,20140619,20141017
000244,0,0,0,0,0,0,0,20140619,20141017
000245,0,0,0,0,0,0,0,20140619,20141017
000246,0,0,0,0,0,0,0,20140619,20141017
000247,0,0,0,0,0,0,0,20140619,20141017
000248,0,0,0,0,0,0,0,20140619,20141017
000249,0,0,0,0,0,0,0,20140619,20141017
000250,0,0,0,0,0,0,0,20140619,20141017
000251,0,0,0,0,0,0,0,20140619,20141017
000252,0,0,0,0,0,0,0,20140619,20141017
000253,0,0,0,0,0,0,0,20140619,20141017
000254,0,0,0,0,0,0,0,20140619,20141017
000255,0,0,0,0,0,0,0,20140619,20141017
000256,0,0,0,0,0,0,0,20140619,20141017
000257,0,0,0,0,0,0,0,20140619,20141017
000258,0,0,0,0,0,0,0,20140619,20141017
000259,0,0,0,0,0,0,0,20140619,20141017
000260,0,0,0,0,0,0,0,20140619,20141017
000261,0,0,0,0,0,0,0,20140619,20141017
000262,0,0,0,0,0,0,0,20140619,20141017
000263,0,0,0,0,0,0,0,20140619,20141017
000264,0,0,0,0,0,0,0,20140619,20141017
000265,0,0,0,0,0,0,0,20140619,20141017
000266,0,0,0,0,0,0,0,20140619,20141017
000267,0,0,0,0,0,0,0,20140619,20141017
000268,0,0,0,0,0,0,0,20140619,20141017
000269,0,0,0,0,0,0,0,20140619,20141017
000270,0,0,0,0,0,0,0,20140619,20141017
000271,0,0,0,0,0,0,0,20140619,20141017
000272,0,0,0,0,0,0,0,20140619,20141017
000273,0,0,0,0,0,0,0,20140619,20141017
000274,0,0,0,0,0,0,0,20140619,20141017
000275,0,0,0,0,0,0,0,20140619,20141017
000276,0,0,0,0,0,0,0,20140619,20141017
000277,0,0,0,0,0,0,0,20140619,20141017
000278,0,0,0,0,0,0,0,20140619,20141017
000279,0,0,0,0,0,0,0,20140619,20141017
000280,0,0,0,0,0,0,0,20140619,20141017
000281,0,0,0,0,0,0,0,20140619,20141017
000282,0,0,0,0,0,0,0,20140619,20141017
000283,0,0,0,0,0,0,0,20140619,20141017
000284,0,0,0,0,0,0,0,20140619,20141017
000285,0,0,0,0,0,0,0,20140619,20141017
000286,0,0,0,0,0,0,0,20140619,20141017
000287,0,0,0,0,0,0,0,20140619,20141017
000288,0,0,0,0,0,0,0,20140619,20141017
000289,0,0,0,0,0,0,0,20140619,20141017
000290,0,0,0,0,0,0,0,20140619,20141017
000291,0,0,0,0,0,0,0,20140619,20141017
000292,0,0,0,0,0,0,0,20140619,20141017
000293,0,0,0,0,0,0,0,20140619,20141017
000294,0,0,0,0,0,0,0,20140619,20141017
000295,0,0,0,0,0,0,0,20140619,20141017
000296,0,0,0,0,0,0,0,20140619,20141017
000297,0,0,0,0,0,0,0,20140619,20141017
000298,0,0,0,0,0,0,0,20140619,20141017
000299,0,0,0,0,0,0,0,20140619,20141017
000300,0,0,0,0,0,0,0,20140619,20141017
000301,0,0,0,0,0,0,0,20140619,20141017
000302,0,0,0,0,0,0,0,20140619,20141017
000303,0,0,0,0,0,0,0,20140619,20141017
000304,0,0,0,0,0,0,0,20140619,20141017
000305,0,0,0,0,0,0,0,20140619,20141017
000306,0,0,0,0,0,0,0,20140619,20141017
000307,0,0,0,0,0,0,0,20140619,20141017
000308,0,0,0,0,0,0,0,20140619,20141017
000309,0,0,0,0,0,0,0,20140619,20141017
000310,0,0,0,0,0,0,0,20140619,20141017
000311,0,0,0,0,0,0,0,20140619,20141017
000312,0,0,0,0,0,0,0,20140619,20141017
000313,0,0,0,0,0,0,0,20140619,20141017
000314,0,0,0,0,0,0,0,20140619,20141017
000315,0,0,0,0,0,0,0,20140619,20141017
000316,0,0,0,0,0,0,0,20140619,20141017
000317,0,0,0,0,0,0,0,20140619,20141017
000318,0,0,0,0,0,0,0,20140619,20141017
000319,0,0,0,0,0,0,0,20140619,20141017
000320,0,0,0,0,0,0,0,20140619,20141017
000321,0,0,0,0,0,0,0,20140619,20141017
000322,0,0,0,0,0,0,0,20140619,20141017
000323,0,0,0,0,0,0,0,20140619,20141017
000324,0,0,0,0,0,0,0,20140619,20141017
000325,0,0,0,0,0,0,0,20140619,20141017
000326,0,0,0,0,0,0,0,20140619,20141017
000327,0,0,0,0,0,0,0,20140619,20141017
000329,0,0,0,0,0,0,0,20140619,20141017
000330,0,0,0,0,0,0,0,20140619,20141017
000331,0,0,0,0,0,0,0,20140619,20141017
000332,0,0,0,0,0,0,0,20140619,20141017
000333,0,0,0,0,0,0,0,20140619,20141017
000334,0,0,0,0,0,0,0,20140619,20141017
000335,0,0,0,0,0,0,0,20140619,20141017
000336,0,0,0,0,0,0,0,20140619,20141017
000337,0,0,0,0,0,0,0,20140619,20141017
000338,0,0,0,0,0,0,0,20140619,20141017
000339,0,0,0,0,0,0,0,20140619,20141017
000340,0,0,0,0,0,0,0,20140619,20141017
000341,0,0,0,0,0,0,0,20140619,20141017
000342,0,0,0,0,0,0,0,20140619,20141017
000343,0,0,0,0,0,0,0,20140619,20141017
000344,0,0,0,0,0,0,0,20140619,20141017
000345,0,0,0,0,0,0,0,20140619,20141017
000346,0,0,0,0,0,0,0,20140619,20141017
000347,0,0,0,0,0,0,0,20140619,20141017
000348,0,0,0,0,0,0,0,20140619,20141017
000349,0,0,0,0,0,0,0,20140619,20141017
000350,0,0,0,0,0,0,0,20140619,20141017
000351,0,0,0,0,0,0,0,20140619,20141017
000352,0,0,0,0,0,0,0,20140619,20141017
000353,0,0,0,0,0,0,0,20140619,20141017
000354,0,0,0,0,0,0,0,20140619,20141017
000355,0,0,0,0,0,0,0,20140619,20141017
000356,0,0,0,0,0,0,0,20140619,20141017
000357,0,0,0,0,0,0,0,20140619,20141017
000358,0,0,0,0,0,0,0,20140619,20141017
000359,0,0,0,0,0,0,0,20140619,20141017
000360,0,0,0,0,0,0,0,20140619,20141017
000361,0,0,0,0,0,0,0,20140619,20141017
000362,0,0,0,0,0,0,0,20140619,20141017
000363,0,0,0,0,0,0,0,20140619,20141017
000364,0,0,0,0,0,0,0,20140619,20141017
000366,0,0,0,0,0,0,0,20140619,20141017
000367,0,0,0,0,0,0,0,20140619,20141017
000368,0,0,0,0,0,0,0,20140619,20141017
000369,0,0,0,0,0,0,0,20140619,20141017
000370,0,0,0,0,0,0,0,20140619,20141017
000371,0,0,0,0,0,0,0,20140619,20141017
000372,0,0,0,0,0,0,0,20140619,20141017
000373,0,0,0,0,0,0,0,20140619,20141017
000374,0,0,0,0,0,0,0,20140619,20141017
000375,0,0,0,0,0,0,0,20140619,20141017
000376,0,0,0,0,0,0,0,20140619,20141017
000377,0,0,0,0,0,0,0,20140619,20141017
000378,0,0,0,0,0,0,0,20140619,20141017
000379,0,0,0,0,0,0,0,20140619,20141017
000380,0,0,0,0,0,0,0,20140619,20141017
000381,0,0,0,0,0,0,0,20140619,20141017
000382,0,0,0,0,0,0,0,20140619,20141017
000385,0,0,0,0,0,0,0,20140619,20141017
000386,0,0,0,0,0,0,0,20140619,20141017
000387,0,0,0,0,0,0,0,20140619,20141017
000388,0,0,0,0,0,0,0,20140619,20141017
000389,0,0,0,0,0,0,0,20140619,20141017
000390,0,0,0,0,0,0,0,20140619,20141017
000391,0,0,0,0,0,0,0,20140619,20141017
000392,0,0,0,0,0,0,0,20140619,20141017
000393,0,0,0,0,0,0,0,20140619,20141017
000394,0,0,0,0,0,0,0,20140619,20141017
000395,0,0,0,0,0,0,0,20140619,20141017
000396,0,0,0,0,0,0,0,20140619,20141017
000397,0,0,0,0,0,0,0,20140619,20141017
000398,0,0,0,0,0,0,0,20140619,20141017
000399,0,0,0,0,0,0,0,20140619,20141017
000400,0,0,0,0,0,0,0,20140619,20141017
000401,0,0,0,0,0,0,0,20140619,20141017
000402,0,0,0,0,0,0,0,20140619,20141017
000403,0,0,0,0,0,0,0,20140619,20141017
000404,0,0,0,0,0,0,0,20140619,20141017
000405,0,0,0,0,0,0,0,20140619,20141017
000406,0,0,0,0,0,0,0,20140619,20141017
000407,0,0,0,0,0,0,0,20140619,20141017
000408,0,0,0,0,0,0,0,20140619,20141017
000409,0,0,0,0,0,0,0,20140619,20141017
000410,0,0,0,0,0,0,0,20140619,20141017
000411,0,0,0,0,0,0,0,20140619,20141017
000412,0,0,0,0,0,0,0,20140619,20141017
000413,0,0,0,0,0,0,0,20140619,20141017
000414,0,0,0,0,0,0,0,20140619,20141017
000415,0,0,0,0,0,0,0,20140619,20141017
000416,0,0,0,0,0,0,0,20140619,20141017
000417,0,0,0,0,0,0,0,20140619,20141017
000418,0,0,0,0,0,0,0,20140619,20141017
000421,0,0,0,0,0,0,0,20140619,20141017
000422,0,0,0,0,0,0,0,20140619,20141017
000423,0,0,0,0,0,0,0,20140619,20141017
000424,0,0,0,0,0,0,0,20140619,20141017
000425,0,0,0,0,0,0,0,20140619,20141017
000426,0,0,0,0,0,0,0,20140619,20141017
000427,0,0,0,0,0,0,0,20140619,20141017
000428,0,0,0,0,0,0,0,20140619,20141017
000429,0,0,0,0,0,0,0,20140619,20141017
000430,0,0,0,0,0,0,0,20140619,20141017
000431,0,0,0,0,0,0,0,20140619,20141017
000432,0,0,0,0,0,0,0,20140619,20141017
000433,0,0,0,0,0,0,0,20140619,20141017
000434,0,0,0,0,0,0,0,20140619,20141017
000435,0,0,0,0,0,0,0,20140619,20141017
000436,0,0,0,0,0,0,0,20140619,20141017
000437,0,0,0,0,0,0,0,20140619,20141017
000438,0,0,0,0,0,0,0,20140619,20141017
000441,0,0,0,0,0,0,0,20140619,20141017
000442,0,0,0,0,0,0,0,20140619,20141017
000443,0,0,0,0,0,0,0,20140619,20141017
000444,0,0,0,0,0,0,0,20140619,20141017
000445,0,0,0,0,0,0,0,20140619,20141017
000446,0,0,0,0,0,0,0,20140619,20141017
000447,0,0,0,0,0,0,0,20140619,20141017
000448,0,0,0,0,0,0,0,20140619,20141017
000449,0,0,0,0,0,0,0,20140619,20141017
000450,0,0,0,0,0,0,0,20140619,20141017
000452,0,0,0,0,0,0,0,20140619,20141017
000453,0,0,0,0,0,0,0,20140619,20141017
000454,0,0,0,0,0,0,0,20140619,20141017
000455,0,0,0,0,0,0,0,20140619,20141017
000457,0,0,0,0,0,0,0,20140619,20141017
000458,0,0,0,0,0,0,0,20140619,20141017
000459,0,0,0,0,0,0,0,20140619,20141017
000460,0,0,0,0,0,0,0,20140619,20141017
000461,0,0,0,0,0,0,0,20140619,20141017
000462,0,0,0,0,0,0,0,20140619,20141017
000463,0,0,0,0,0,0,0,20140619,20141017
000464,0,0,0,0,0,0,0,20140619,20141017
000465,0,0,0,0,0,0,0,20140619,20141017
000466,0,0,0,0,0,0,0,20140619,20141017
000467,0,0,0,0,0,0,0,20140619,20141017
000468,0,0,0,0,0,0,0,20140619,20141017
000469,0,0,0,0,0,0,0,20140619,20141017
000470,0,0,0,0,0,0,0,20140619,20141017
000472,0,0,0,0,0,0,0,20140619,20141017
000473,0,0,0,0,0,0,0,20140619,20141017
000474,0,0,0,0,0,0,0,20140619,20141017
000475,0,0,0,0,0,0,0,20140619,20141017
000476,0,0,0,0,0,0,0,20140619,20141017
000477,0,0,0,0,0,0,0,20140619,20141017
000478,0,0,0,0,0,0,0,20140619,20141017
000479,0,0,0,0,0,0,0,20140619,20141017
000480,0,0,0,0,0,0,0,20140619,20141017
000481,0,0,0,0,0,0,0,20140619,20141017
000482,0,0,0,0,0,0,0,20140619,20141017
000483,0,0,0,0,0,0,0,20140619,20141017
000484,0,0,0,0,0,0,0,20140619,20141017
000485,0,0,0,0,0,0,0,20140619,20141017
000486,0,0,0,0,0,0,0,20140619,20141017
000487,0,0,0,0,0,0,0,20140619,20141017
000488,0,0,0,0,0,0,0,20140619,20141017
000489,0,0,0,0,0,0,0,20140619,20141017
000490,0,0,0,0,0,0,0,20140619,20141017
000491,0,0,0,0,0,0,0,20140619,20141017
000492,0,0,0,0,0,0,0,20140619,20141017
000493,0,0,0,0,0,0,0,20140619,20141017
000494,0,0,0,0,0,0,0,20140619,20141017
000495,0,0,0,0,0,0,0,20140619,20141017
000496,0,0,0,0,0,0,0,20140619,20141017
000497,0,0,0,0,0,0,0,20140619,20141017
000498,0,0,0,0,0,0,0,20140619,20141017
000499,0,0,0,0,0,0,0,20140619,20141017
000500,0,0,0,0,0,0,0,20140619,20141017
000501,0,0,0,0,0,0,0,20140619,20141017
000502,0,0,0,0,0,0,0,20140619,20141017
000503,0,0,0,0,0,0,0,20140619,20141017
000504,0,0,0,0,0,0,0,20140619,20141017
000505,0,0,0,0,0,0,0,20140619,20141017
000506,0,0,0,0,0,0,0,20140619,20141017
000507,0,0,0,0,0,0,0,20140619,20141017
000508,0,0,0,0,0,0,0,20140619,20141017
000509,0,0,0,0,0,0,0,20140619,20141017
000510,0,0,0,0,0,0,0,20140619,20141017
000511,0,0,0,0,0,0,0,20140619,20141017
000512,0,0,0,0,0,0,0,20140619,20141017
000513,0,0,0,0,0,0,0,20140619,20141017
000514,0,0,0,0,0,0,0,20140619,20141017
000515,0,0,0,0,0,0,0,20140619,20141017
000516,0,0,0,0,0,0,0,20140619,20141017
000517,0,0,0,0,0,0,0,20140619,20141017
000518,0,0,0,0,0,0,0,20140619,20141017
000519,0,0,0,0,0,0,0,20140619,20141017
000520,0,0,0,0,0,0,0,20140619,20141017
000521,0,0,0,0,0,0,0,20140619,20141017
000522,0,0,0,0,0,0,0,20140619,20141017
000523,0,0,0,0,0,0,0,20140619,20141017
000524,0,0,0,0,0,0,0,20140619,20141017
000525,0,0,0,0,0,0,0,20140619,20141017
000526,0,0,0,0,0,0,0,20140619,20141017
000527,0,0,0,0,0,0,0,20140619,20141017
000528,0,0,0,0,0,0,0,20140619,20141017
000529,0,0,0,0,0,0,0,20140619,20141017
000530,0,0,0,0,0,0,0,20140619,20141017
000531,0,0,0,0,0,0,0,20140619,20141017
000532,0,0,0,0,0,0,0,20140619,20141017
000533,0,0,0,0,0,0,0,20140619,20141017
000534,0,0,0,0,0,0,0,20140619,20141017
000535,0,0,0,0,0,0,0,20140619,20141017
000536,0,0,0,0,0,0,0,20140619,20141017
000537,0,0,0,0,0,0,0,20140619,20141017
000538,0,0,0,0,0,0,0,20140619,20141017
000539,0,0,0,0,0,0,0,20140619,20141017
000540,0,0,0,0,0,0,0,20140619,20141017
000541,0,0,0,0,0,0,0,20140619,20141017
000542,0,0,0,0,0,0,0,20140619,20141017
000543,0,0,0,0,0,0,0,20140619,20141017
000544,0,0,0,0,0,0,0,20140619,20141017
000545,0,0,0,0,0,0,0,20140619,20141017
000546,0,0,0,0,0,0,0,20140619,20141017
000547,0,0,0,0,0,0,0,20140619,20141017
000548,0,0,0,0,0,0,0,20140619,20141017
000549,0,0,0,0,0,0,0,20140619,20141017
000550,0,0,0,0,0,0,0,20140619,20141017
000551,0,0,0,0,0,0,0,20140619,20141017
000552,0,0,0,0,0,0,0,20140619,20141017
000553,0,0,0,0,0,0,0,20140619,20141017
000554,0,0,0,0,0,0,0,20140619,20141017
000555,0,0,0,0,0,0,0,20140619,20141017
000556,0,0,0,0,0,0,0,20140619,20141017
000557,0,0,0,0,0,0,0,20140619,20141017
000558,0,0,0,0,0,0,0,20140619,20141017
000559,0,0,0,0,0,0,0,20140619,20141017
000560,0,0,0,0,0,0,0,20140619,20141017
000561,0,0,0,0,0,0,0,20140619,20141017
000562,0,0,0,0,0,0,0,20140619,20141017
000563,0,0,0,0,0,0,0,20140619,20141017
000564,0,0,0,0,0,0,0,20140619,20141017
000565,0,0,0,0,0,0,0,20140619,20141017
000566,0,0,0,0,0,0,0,20140619,20141017
000567,0,0,0,0,0,0,0,20140619,20141017
000568,0,0,0,0,0,0,0,20140619,20141017
000569,0,0,0,0,0,0,0,20140619,20141017
000570,0,0,0,0,0,0,0,20140619,20141017
000571,0,0,0,0,0,0,0,20140619,20141017
000572,0,0,0,0,0,0,0,20140619,20141017
000573,0,0,0,0,0,0,0,20140619,20141017
000574,0,0,0,0,0,0,0,20140619,20141017
000575,0,0,0,0,0,0,0,20140619,20141017
000576,0,0,0,0,0,0,0,20140619,20141017
000577,0,0,0,0,0,0,0,20140619,20141017
000578,0,0,0,0,0,0,0,20140619,20141017
000579,0,0,0,0,0,0,0,20140619,20141017
000580,0,0,0,0,0,0,0,20140619,20141017
000581,0,0,0,0,0,0,0,20140619,20141017
000582,0,0,0,0,0,0,0,20140619,20141017
000583,0,0,0,0,0,0,0,20140619,20141017
000584,0,0,0,0,0,0,0,20140619,20141017
000585,0,0,0,0,0,0,0,20140619,20141017
000586,0,0,0,0,0,0,0,20140619,20141017
000587,0,0,0,0,0,0,0,20140619,20141017
000588,0,0,0,0,0,0,0,20140619,20141017
000589,0,0,0,0,0,0,0,20140619,20141017
000590,0,0,0,0,0,0,0,20140619,20141017
000592,0,0,0,0,0,0,0,20140619,20141017
000593,0,0,0,0,0,0,0,20140619,20141017
000594,0,0,0,0,0,0,0,20140619,20141017
000595,0,0,0,0,0,0,0,20140619,20141017
000596,0,0,0,0,0,0,0,20140619,20141017
000597,0,0,0,0,0,0,0,20140619,20141017
000598,0,0,0,0,0,0,0,20140619,20141017
000601,0,0,0,0,0,0,0,20140619,20141017
000602,0,0,0,0,0,0,0,20140619,20141017
000603,0,0,0,0,0,0,0,20140619,20141017
000604,0,0,0,0,0,0,0,20140619,20141017
000605,0,0,0,0,0,0,0,20140619,20141017
000606,0,0,0,0,0,0,0,20140619,20141017
000607,0,0,0,0,0,0,0,20140619,20141017
000608,0,0,0,0,0,0,0,20140619,20141017
000609,0,0,0,0,0,0,0,20140619,20141017
000610,0,0,0,0,0,0,0,20140619,20141017
000611,0,0,0,0,0,0,0,20140619,20141017
000612,0,0,0,0,0,0,0,20140619,20141017
000613,0,0,0,0,0,0,0,20140619,20141017
000614,0,0,0,0,0,0,0,20140619,20141017
000615,0,0,0,0,0,0,0,20140619,20141017
000616,0,0,0,0,0,0,0,20140619,20141017
000617,0,0,0,0,0,0,0,20140619,20141017
000619,0,0,0,0,0,0,0,20140619,20141017
000620,0,0,0,0,0,0,0,20140619,20141017
000622,0,0,0,0,0,0,0,20140619,20141017
000624,0,0,0,0,0,0,0,20140619,20141017
000625,0,0,0,0,0,0,0,20140619,20141017
000630,0,0,0,0,0,0,0,20140619,20141017
000632,0,0,0,0,0,0,0,20140619,20141017
000633,0,0,0,0,0,0,0,20140619,20141017
000634,0,0,0,0,0,0,0,20140619,20141017
000635,0,0,0,0,0,0,0,20140619,20141017
000636,0,0,0,0,0,0,0,20140619,20141017
000638,0,0,0,0,0,0,0,20140619,20141017
000642,0,0,0,0,0,0,0,20140619,20141017
000643,0,0,0,0,0,0,0,20140619,20141017
000644,0,0,0,0,0,0,0,20140619,20141017
000645,0,0,0,0,0,0,0,20140619,20141017
000646,0,0,0,0,0,0,0,20140619,20141017
000647,0,0,0,0,0,0,0,20140619,20141017
000648,0,0,0,0,0,0,0,20140619,20141017
000649,0,0,0,0,0,0,0,20140619,20141017
000650,0,0,0,0,0,0,0,20140619,20141017
000651,0,0,0,0,0,0,0,20140619,20141017
000652,0,0,0,0,0,0,0,20140619,20141017
000653,0,0,0,0,0,0,0,20140619,20141017
000654,0,0,0,0,0,0,0,20140619,20141017
000655,0,0,0,0,0,0,0,20140619,20141017
000656,0,0,0,0,0,0,0,20140619,20141017
000657,0,0,0,0,0,0,0,20140619,20141017
000658,0,0,0,0,0,0,0,20140619,20141017
000659,0,0,0,0,0,0,0,20140619,20141017
000660,0,0,0,0,0,0,0,20140619,20141017
000661,0,0,0,0,0,0,0,20140619,20141017
000662,0,0,0,0,0,0,0,20140619,20141017
000663,0,0,0,0,0,0,0,20140619,20141017
000664,0,0,0,0,0,0,0,20140619,20141017
000665,0,0,0,0,0,0,0,20140619,20141017
000666,0,0,0,0,0,0,0,20140619,20141017
000667,0,0,0,0,0,0,0,20140619,20141017
000668,0,0,0,0,0,0,0,20140619,20141017
000669,0,0,0,0,0,0,0,20140619,20141017
000670,0,0,0,0,0,0,0,20140619,20141017
000671,0,0,0,0,0,0,0,20140619,20141017
000672,0,0,0,0,0,0,0,20140619,20141017
000673,0,0,0,0,0,0,0,20140619,20141017
000674,0,0,0,0,0,0,0,20140619,20141017
000675,0,0,0,0,0,0,0,20140619,20141017
000676,0,0,0,0,0,0,0,20140619,20141017
000677,0,0,0,0,0,0,0,20140619,20141017
000679,0,0,0,0,0,0,0,20140619,20141017
000680,0,0,0,0,0,0,0,20140619,20141017
000681,0,0,0,0,0,0,0,20140619,20141017
000682,0,0,0,0,0,0,0,20140619,20141017
000683,0,0,0,0,0,0,0,20140619,20141017
000684,0,0,0,0,0,0,0,20140619,20141017
000685,0,0,0,0,0,0,0,20140619,20141017
000686,0,0,0,0,0,0,0,20140619,20141017
000687,0,0,0,0,0,0,0,20140619,20141017
000688,0,0,0,0,0,0,0,20140619,20141017
000690,0,0,0,0,0,0,0,20140619,20141017
000691,0,0,0,0,0,0,0,20140619,20141017
000692,0,0,0,0,0,0,0,20140619,20141017
000693,0,0,0,0,0,0,0,20140619,20141017
000694,0,0,0,0,0,0,0,20140619,20141017
000695,0,0,0,0,0,0,0,20140619,20141017
000696,0,0,0,0,0,0,0,20140619,20141017
000697,0,0,0,0,0,0,0,20140619,20141017
000698,0,0,0,0,0,0,0,20140619,20141017
000699,0,0,0,0,0,0,0,20140619,20141017
000700,0,0,0,0,0,0,0,20140619,20141017
000701,0,0,0,0,0,0,0,20140619,20141017
000702,0,0,0,0,0,0,0,20140619,20141017
000703,0,0,0,0,0,0,0,20140619,20141017
000704,0,0,0,0,0,0,0,20140619,20141017
000705,0,0,0,0,0,0,0,20140619,20141017
000706,0,0,0,0,0,0,0,20140619,20141017
000707,0,0,0,0,0,0,0,20140619,20141017
000708,0,0,0,0,0,0,0,20140619,20141017
000709,0,0,0,0,0,0,0,20140619,20141017
000710,0,0,0,0,0,0,0,20140619,20141017
000711,0,0,0,0,0,0,0,20140619,20141017
000712,0,0,0,0,0,0,0,20140619,20141017
000713,0,0,0,0,0,0,0,20140619,20141017
000714,0,0,0,0,0,0,0,20140619,20141017
000715,0,0,0,0,0,0,0,20140619,20141017
000716,0,0,0,0,0,0,0,20140619,20141017
000717,0,0,0,0,0,0,0,20140619,20141017
000718,0,0,0,0,0,0,0,20140619,20141017
000719,0,0,0,0,0,0,0,20140619,20141017
000720,0,0,0,0,0,0,0,20140619,20141017
000721,0,0,0,0,0,0,0,20140619,20141017
000722,0,0,0,0,0,0,0,20140619,20141017
000723,0,0,0,0,0,0,0,20140619,20141017
000724,0,0,0,0,0,0,0,20140619,20141017
000725,0,0,0,0,0,0,0,20140619,20141017
000726,0,0,0,0,0,0,0,20140619,20141017
000727,0,0,0,0,0,0,0,20140619,20141017
000728,0,0,0,0,0,0,0,20140619,20141017
000729,0,0,0,0,0,0,0,20140619,20141017
000730,0,0,0,0,0,0,0,20140619,20141017
000731,0,0,0,0,0,0,0,20140619,20141017
000732,0,0,0,0,0,0,0,20140619,20141017
000733,0,0,0,0,0,0,0,20140619,20141017
000734,0,0,0,0,0,0,0,20140619,20141017
000735,0,0,0,0,0,0,0,20140619,20141017
000736,0,0,0,0,0,0,0,20140619,20141017
000737,0,0,0,0,0,0,0,20140619,20141017
000738,0,0,0,0,0,0,0,20140619,20141017
000741,0,0,0,0,0,0,0,20140619,20141017
000742,0,0,0,0,0,0,0,20140619,20141017
000743,0,0,0,0,0,0,0,20140619,20141017
000744,0,0,0,0,0,0,0,20140619,20141017
000748,0,0,0,0,0,0,0,20140619,20141017
000750,0,0,0,0,0,0,0,20140619,20141017
000751,0,0,0,0,0,0,0,20140619,20141017
000752,0,0,0,0,0,0,0,20140619,20141017
000754,0,0,0,0,0,0,0,20140619,20141017
000755,0,0,0,0,0,0,0,20140619,20141017
000756,0,0,0,0,0,0,0,20140619,20141017
000757,0,0,0,0,0,0,0,20140619,20141017
000758,0,0,0,0,0,0,0,20140619,20141017
000759,0,0,0,0,0,0,0,20140619,20141017
000760,0,0,0,0,0,0,0,20140619,20141017
000761,0,0,0,0,0,0,0,20140619,20141017
000762,0,0,0,0,0,0,0,20140619,20141017
000763,0,0,0,0,0,0,0,20140619,20141017
000764,0,0,0,0,0,0,0,20140619,20141017
000765,0,0,0,0,0,0,0,20140619,20141017
000766,0,0,0,0,0,0,0,20140619,20141017
000767,0,0,0,0,0,0,0,20140619,20141017
000768,0,0,0,0,0,0,0,20140619,20141017
000769,0,0,0,0,0,0,0,20140619,20141017
000770,0,0,0,0,0,0,0,20140619,20141017
000771,0,0,0,0,0,0,0,20140619,20141017
000772,0,0,0,0,0,0,0,20140619,20141017
000773,0,0,0,0,0,0,0,20140619,20141017
000774,0,0,0,0,0,0,0,20140619,20141017
000775,0,0,0,0,0,0,0,20140619,20141017
000776,0,0,0,0,0,0,0,20140619,20141017
000777,0,0,0,0,0,0,0,20140619,20141017
000778,0,0,0,0,0,0,0,20140619,20141017
000779,0,0,0,0,0,0,0,20140619,20141017
000780,0,0,0,0,0,0,0,20140619,20141017
000781,0,0,0,0,0,0,0,20140619,20141017
000782,0,0,0,0,0,0,0,20140619,20141017
000783,0,0,0,0,0,0,0,20140619,20141017
000784,0,0,0,0,0,0,0,20140619,20141017
000785,0,0,0,0,0,0,0,20140619,20141017
000786,0,0,0,0,0,0,0,20140619,20141017
000787,0,0,0,0,0,0,0,20140619,20141017
000788,0,0,0,0,0,0,0,20140619,20141017
000789,0,0,0,0,0,0,0,20140619,20141017
000790,0,0,0,0,0,0,0,20140619,20141017
000791,0,0,0,0,0,0,0,20140619,20141017
000792,0,0,0,0,0,0,0,20140619,20141017
000793,0,0,0,0,0,0,0,20140619,20141017
000794,0,0,0,0,0,0,0,20140619,20141017
000795,0,0,0,0,0,0,0,20140619,20141017
000796,0,0,0,0,0,0,0,20140619,20141017
000797,0,0,0,0,0,0,0,20140619,20141017
000798,0,0,0,0,0,0,0,20140619,20141017
000799,0,0,0,0,0,0,0,20140619,20141017
000800,0,0,0,0,0,0,0,20140619,20141017
000801,0,0,0,0,0,0,0,20140619,20141017
000802,0,0,0,0,0,0,0,20140619,20141017
000803,0,0,0,0,0,0,0,20140619,20141017
000804,0,0,0,0,0,0,0,20140619,20141017
000805,0,0,0,0,0,0,0,20140619,20141017
000806,0,0,0,0,0,0,0,20140619,20141017
000807,0,0,0,0,0,0,0,20140619,20141017
000808,0,0,0,0,0,0,0,20140619,20141017
000809,0,0,0,0,0,0,0,20140619,20141017
000810,0,0,0,0,0,0,0,20140619,20141017
000811,0,0,0,0,0,0,0,20140619,20141017
000812,0,0,0,0,0,0,0,20140619,20141017
000813,0,0,0,0,0,0,0,20140619,20141017
000814,0,0,0,0,0,0,0,20140619,20141017
000815,0,0,0,0,0,0,0,20140619,20141017
000816,0,0,0,0,0,0,0,20140619,20141017
000817,0,0,0,0,0,0,0,20140619,20141017
000818,0,0,0,0,0,0,0,20140619,20141017
000819,0,0,0,0,0,0,0,20140619,20141017
000820,0,0,0,0,0,0,0,20140619,20141017
000821,0,0,0,0,0,0,0,20140619,20141017
000822,0,0,0,0,0,0,0,20140619,20141017
000823,0,0,0,0,0,0,0,20140619,20141017
000824,0,0,0,0,0,0,0,20140619,20141017
000825,0,0,0,0,0,0,0,20140619,20141017
000826,0,0,0,0,0,0,0,20140619,20141017
000827,0,0,0,0,0,0,0,20140619,20141017
000828,0,0,0,0,0,0,0,20140619,20141017
000829,0,0,0,0,0,0,0,20140619,20141017
000830,0,0,0,0,0,0,0,20140619,20141017
000831,0,0,0,0,0,0,0,20140619,20141017
000832,0,0,0,0,0,0,0,20140619,20141017
000833,0,0,0,0,0,0,0,20140619,20141017
000834,0,0,0,0,0,0,0,20140619,20141017
000835,0,0,0,0,0,0,0,20140619,20141017
000836,0,0,0,0,0,0,0,20140619,20141017
000837,0,0,0,0,0,0,0,20140619,20141017
000838,0,0,0,0,0,0,0,20140619,20141017
000839,0,0,0,0,0,0,0,20140619,20141017
000840,0,0,0,0,0,0,0,20140619,20141017
000841,0,0,0,0,0,0,0,20140619,20141017
000842,0,0,0,0,0,0,0,20140619,20141017
000843,0,0,0,0,0,0,0,20140619,20141017
000844,0,0,0,0,0,0,0,20140619,20141017
000845,0,0,0,0,0,0,0,20140619,20141017
000847,0,0,0,0,0,0,0,20140619,20141017
000848,0,0,0,0,0,0,0,20140619,20141017
000849,0,0,0,0,0,0,0,20140619,20141017
000850,0,0,0,0,0,0,0,20140619,20141017
000851,0,0,0,0,0,0,0,20140619,20141017
000852,0,0,0,0,0,0,0,20140619,20141017
000853,0,0,0,0,0,0,0,20140619,20141017
000854,0,0,0,0,0,0,0,20140619,20141017
000855,0,0,0,0,0,0,0,20140619,20141017
000856,0,0,0,0,0,0,0,20140619,20141017
000857,0,0,0,0,0,0,0,20140619,20141017
000858,0,0,0,0,0,0,0,20140619,20141017
000859,0,0,0,0,0,0,0,20140619,20141017
000860,0,0,0,0,0,0,0,20140619,20141017
000861,0,0,0,0,0,0,0,20140619,20141017
000862,0,0,0,0,0,0,0,20140619,20141017
000863,0,0,0,0,0,0,0,20140619,20141017
000864,0,0,0,0,0,0,0,20140619,20141017
000865,0,0,0,0,0,0,0,20140619,20141017
000867,0,0,0,0,0,0,0,20140619,20141017
000868,0,0,0,0,0,0,0,20140619,20141017
000869,0,0,0,0,0,0,0,20140619,20141017
000870,0,0,0,0,0,0,0,20140619,20141017
000871,0,0,0,0,0,0,0,20140619,20141017
000872,0,0,0,0,0,0,0,20140619,20141017
000873,0,0,0,0,0,0,0,20140619,20141017
000874,0,0,0,0,0,0,0,20140619,20141017
000875,0,0,0,0,0,0,0,20140619,20141017
000876,0,0,0,0,0,0,0,20140619,20141017
000877,0,0,0,0,0,0,0,20140619,20141017
000878,0,0,0,0,0,0,0,20140619,20141017
000879,0,0,0,0,0,0,0,20140619,20141017
000880,0,0,0,0,0,0,0,20140619,20141017
000881,0,0,0,0,0,0,0,20140619,20141017
000882,0,0,0,0,0,0,0,20140619,20141017
000883,0,0,0,0,0,0,0,20140619,20141017
000884,0,0,0,0,0,0,0,20140619,20141017
000885,0,0,0,0,0,0,0,20140619,20141017
000886,0,0,0,0,0,0,0,20140619,20141017
000887,0,0,0,0,0,0,0,20140619,20141017
000888,0,0,0,0,0,0,0,20140619,20141017
000889,0,0,0,0,0,0,0,20140619,20141017
000890,0,0,0,0,0,0,0,20140619,20141017
000891,0,0,0,0,0,0,0,20140619,20141017
000892,0,0,0,0,0,0,0,20140619,20141017
000893,0,0,0,0,0,0,0,20140619,20141017
000894,0,0,0,0,0,0,0,20140619,20141017
000895,0,0,0,0,0,0,0,20140619,20141017
000896,0,0,0,0,0,0,0,20140619,20141017
000897,0,0,0,0,0,0,0,20140619,20141017
000898,0,0,0,0,0,0,0,20140619,20141017
000899,0,0,0,0,0,0,0,20140619,20141017
000900,0,0,0,0,0,0,0,20140619,20141017
000901,0,0,0,0,0,0,0,20140619,20141017
000902,0,0,0,0,0,0,0,20140619,20141017
000903,0,0,0,0,0,0,0,20140619,20141017
000904,0,0,0,0,0,0,0,20140619,20141017
000905,0,0,0,0,0,0,0,20140619,20141017
000906,0,0,0,0,0,0,0,20140619,20141017
000907,0,0,0,0,0,0,0,20140619,20141017
000908,0,0,0,0,0,0,0,20140619,20141017
000909,0,0,0,0,0,0,0,20140619,20141017
000910,0,0,0,0,0,0,0,20140619,20141017
000911,0,0,0,0,0,0,0,20140619,20141017
000912,0,0,0,0,0,0,0,20140619,20141017
000913,0,0,0,0,0,0,0,20140619,20141017
000914,0,0,0,0,0,0,0,20140619,20141017
000915,0,0,0,0,0,0,0,20140619,20141017
000916,0,0,0,0,0,0,0,20140619,20141017
000917,0,0,0,0,0,0,0,20140619,20141017
000918,0,0,0,0,0,0,0,20140619,20141017
000919,0,0,0,0,0,0,0,20140619,20141017
000920,0,0,0,0,0,0,0,20140619,20141017
000921,0,0,0,0,0,0,0,20140619,20141017
000922,0,0,0,0,0,0,0,20140619,20141017
000923,0,0,0,0,0,0,0,20140619,20141017
000924,0,0,0,0,0,0,0,20140619,20141017
000925,0,0,0,0,0,0,0,20140619,20141017
000926,0,0,0,0,0,0,0,20140619,20141017
000927,0,0,0,0,0,0,0,20140619,20141017
000928,0,0,0,0,0,0,0,20140619,20141017
000929,0,0,0,0,0,0,0,20140619,20141017
000930,0,0,0,0,0,0,0,20140619,20141017
000931,0,0,0,0,0,0,0,20140619,20141017
000932,0,0,0,0,0,0,0,20140619,20141017
000933,0,0,0,0,0,0,0,20140619,20141017
000934,0,0,0,0,0,0,0,20140619,20141017
000935,0,0,0,0,0,0,0,20140619,20141017
000936,0,0,0,0,0,0,0,20140619,20141017
000937,0,0,0,0,0,0,0,20140619,20141017
000938,0,0,0,0,0,0,0,20140619,20141017
000939,0,0,0,0,0,0,0,20140619,20141017
000940,0,0,0,0,0,0,0,20140619,20141017
000941,0,0,0,0,0,0,0,20140619,20141017
000942,0,0,0,0,0,0,0,20140619,20141017
000943,0,0,0,0,0,0,0,20140619,20141017
000944,0,0,0,0,0,0,0,20140619,20141017
000945,0,0,0,0,0,0,0,20140619,20141017
000946,0,0,0,0,0,0,0,20140619,20141017
000947,0,0,0,0,0,0,0,20140619,20141017
000948,0,0,0,0,0,0,0,20140619,20141017
000949,0,0,0,0,0,0,0,20140619,20141017
000950,0,0,0,0,0,0,0,20140619,20141017
000951,0,0,0,0,0,0,0,20140619,20141017
000952,0,0,0,0,0,0,0,20140619,20141017
000953,0,0,0,0,0,0,0,20140619,20141017
000954,0,0,0,0,0,0,0,20140619,20141017
000955,0,0,0,0,0,0,0,20140619,20141017
000956,0,0,0,0,0,0,0,20140619,20141017
000957,0,0,0,0,0,0,0,20140619,20141017
000958,0,0,0,0,0,0,0,20140619,20141017
000959,0,0,0,0,0,0,0,20140619,20141017
000960,0,0,0,0,0,0,0,20140619,20141017
000961,0,0,0,0,0,0,0,20140619,20141017
000962,0,0,0,0,0,0,0,20140619,20141017
000963,0,0,0,0,0,0,0,20140619,20141017
000964,0,0,0,0,0,0,0,20140619,20141017
000965,0,0,0,0,0,0,0,20140619,20141017
000966,0,0,0,0,0,0,0,20140619,20141017
000967,0,0,0,0,0,0,0,20140619,20141017
000968,0,0,0,0,0,0,0,20140619,20141017
000969,0,0,0,0,0,0,0,20140619,20141017
000970,0,0,0,0,0,0,0,20140619,20141017
000971,0,0,0,0,0,0,0,20140619,20141017
000972,0,0,0,0,0,0,0,20140619,20141017
000973,0,0,0,0,0,0,0,20140619,20141017
000974,0,0,0,0,0,0,0,20140619,20141017
000975,0,0,0,0,0,0,0,20140619,20141017
000976,0,0,0,0,0,0,0,20140619,20141017
000977,0,0,0,0,0,0,0,20140619,20141017
000978,0,0,0,0,0,0,0,20140619,20141017
000979,0,0,0,0,0,0,0,20140619,20141017
000980,0,0,0,0,0,0,0,20140619,20141017
000981,0,0,0,0,0,0,0,20140619,20141017
000982,0,0,0,0,0,0,0,20140619,20141017
000983,0,0,0,0,0,0,0,20140619,20141017
000984,0,0,0,0,0,0,0,20140619,20141017
000985,0,0,0,0,0,0,0,20140619,20141017
000986,0,0,0,0,0,0,0,20140619,20141017
000987,0,0,0,0,0,0,0,20140619,20141017
000988,0,0,0,0,0,0,0,20140619,20141017
000989,0,0,0,0,0,0,0,20140619,20141017
000990,0,0,0,0,0,0,0,20140619,20141017
000991,0,0,0,0,0,0,0,20140619,20141017
000992,0,0,0,0,0,0,0,20140619,20141017
000993,0,0,0,0,0,0,0,20140619,20141017
000994,0,0,0,0,0,0,0,20140619,20141017
000995,0,0,0,0,0,0,0,20140619,20141017
000996,0,0,0,0,0,0,0,20140619,20141017
000997,0,0,0,0,0,0,0,20140619,20141017
000998,0,0,0,0,0,0,0,20140619,20141017
000999,0,0,0,0,0,0,0,20140619,20141017
001000,0,0,0,0,0,0,0,20140619,20141017
001001,0,0,0,0,0,0,0,20140619,20141017
001002,0,0,0,0,0,0,0,20140619,20141017
001003,0,0,0,0,0,0,0,20140619,20141017
001004,0,0,0,0,0,0,0,20140619,20141017
001005,0,0,0,0,0,0,0,20140619,20141017
001006,0,0,0,0,0,0,0,20140619,20141017
001007,0,0,0,0,0,0,0,20140619,20141017
001008,0,0,0,0,0,0,0,20140619,20141017
001009,0,0,0,0,0,0,0,20140619,20141017
001010,0,0,0,0,0,0,0,20140619,20141017
001011,0,0,0,0,0,0,0,20140619,20141017
001012,0,0,0,0,0,0,0,20140619,20141017
001013,0,0,0,0,0,0,0,20140619,20141017
001014,0,0,0,0,0,0,0,20140619,20141017
001015,0,0,0,0,0,0,0,20140619,20141017
001016,0,0,0,0,0,0,0,20140619,20141017
001017,0,0,0,0,0,0,0,20140619,20141017
001018,0,0,0,0,0,0,0,20140619,20141017
001019,0,0,0,0,0,0,0,20140619,20141017
001020,0,0,0,0,0,0,0,20140619,20141017
001021,0,0,0,0,0,0,0,20140619,20141017
001022,0,0,0,0,0,0,0,20140619,20141017
001023,0,0,0,0,0,0,0,20140619,20141017
001024,0,0,0,0,0,0,0,20140619,20141017
001025,0,0,0,0,0,0,0,20140619,20141017
001026,0,0,0,0,0,0,0,20140619,20141017
001027,0,0,0,0,0,0,0,20140619,20141017
001028,0,0,0,0,0,0,0,20140619,20141017
001029,0,0,0,0,0,0,0,20140619,20141017
001030,0,0,0,0,0,0,0,20140619,20141017
001031,0,0,0,0,0,0,0,20140619,20141017
001032,0,0,0,0,0,0,0,20140619,20141017
001033,0,0,0,0,0,0,0,20140619,20141017
001034,0,0,0,0,0,0,0,20140619,20141017
001035,0,0,0,0,0,0,0,20140619,20141017
001036,0,0,0,0,0,0,0,20140619,20141017
001037,0,0,0,0,0,0,0,20140619,20141017
001038,0,0,0,0,0,0,0,20140619,20141017
001039,0,0,0,0,0,0,0,20140619,20141017
001040,0,0,0,0,0,0,0,20140619,20141017
001041,0,0,0,0,0,0,0,20140619,20141017
001042,0,0,0,0,0,0,0,20140619,20141017
001043,0,0,0,0,0,0,0,20140619,20141017
001044,0,0,0,0,0,0,0,20140619,20141017
001045,0,0,0,0,0,0,0,20140619,20141017
001046,0,0,0,0,0,0,0,20140619,20141017
001047,0,0,0,0,0,0,0,20140619,20141017
001048,0,0,0,0,0,0,0,20140619,20141017
001049,0,0,0,0,0,0,0,20140619,20141017
001050,0,0,0,0,0,0,0,20140619,20141017
001051,0,0,0,0,0,0,0,20140619,20141017
001052,0,0,0,0,0,0,0,20140619,20141017
001053,0,0,0,0,0,0,0,20140619,20141017
001054,0,0,0,0,0,0,0,20140619,20141017
001055,0,0,0,0,0,0,0,20140619,20141017
001056,0,0,0,0,0,0,0,20140619,20141017
001057,0,0,0,0,0,0,0,20140619,20141017
001058,0,0,0,0,0,0,0,20140619,20141017
001059,0,0,0,0,0,0,0,20140619,20141017
001060,0,0,0,0,0,0,0,20140619,20141017
001061,0,0,0,0,0,0,0,20140619,20141017
001062,0,0,0,0,0,0,0,20140619,20141017
001063,0,0,0,0,0,0,0,20140619,20141017
001064,0,0,0,0,0,0,0,20140619,20141017
001065,0,0,0,0,0,0,0,20140619,20141017
001066,0,0,0,0,0,0,0,20140619,20141017
001067,0,0,0,0,0,0,0,20140619,20141017
001068,0,0,0,0,0,0,0,20140619,20141017
001069,0,0,0,0,0,0,0,20140619,20141017
001070,0,0,0,0,0,0,0,20140619,20141017
001071,0,0,0,0,0,0,0,20140619,20141017
001072,0,0,0,0,0,0,0,20140619,20141017
001073,0,0,0,0,0,0,0,20140619,20141017
001074,0,0,0,0,0,0,0,20140619,20141017
001075,0,0,0,0,0,0,0,20140619,20141017
001076,0,0,0,0,0,0,0,20140619,20141017
001077,0,0,0,0,0,0,0,20140619,20141017
001078,0,0,0,0,0,0,0,20140619,20141017
001079,0,0,0,0,0,0,0,20140619,20141017
001080,0,0,0,0,0,0,0,20140619,20141017
001081,0,0,0,0,0,0,0,20140619,20141017
001082,0,0,0,0,0,0,0,20140619,20141017
001083,0,0,0,0,0,0,0,20140619,20141017
001084,0,0,0,0,0,0,0,20140619,20141017
001085,0,0,0,0,0,0,0,20140619,20141017
001086,0,0,0,0,0,0,0,20140619,20141017
001087,0,0,0,0,0,0,0,20140619,20141017
001088,0,0,0,0,0,0,0,20140619,20141017
001089,0,0,0,0,0,0,0,20140619,20141017
001090,0,0,0,0,0,0,0,20140619,20141017
001091,0,0,0,0,0,0,0,20140619,20141017
001092,0,0,0,0,0,0,0,20140619,20141017
001093,0,0,0,0,0,0,0,20140619,20141017
001094,0,0,0,0,0,0,0,20140619,20141017
001095,0,0,0,0,0,0,0,20140619,20141017
001096,0,0,0,0,0,0,0,20140619,20141017
001097,0,0,0,0,0,0,0,20140619,20141017
001098,0,0,0,0,0,0,0,20140619,20141017
001099,0,0,0,0,0,0,0,20140619,20141017
001100,0,0,0,0,0,0,0,20140619,20141017
001103,0,0,0,0,0,0,0,20140619,20141017
001104,0,0,0,0,0,0,0,20140619,20141017
001105,0,0,0,0,0,0,0,20140619,20141017
001106,0,0,0,0,0,0,0,20140619,20141017
001107,0,0,0,0,0,0,0,20140619,20141017
001108,0,0,0,0,0,0,0,20140619,20141017
001109,0,0,0,0,0,0,0,20140619,20141017
001110,0,0,0,0,0,0,0,20140619,20141017
001111,0,0,0,0,0,0,0,20140619,20141017
001112,0,0,0,0,0,0,0,20140619,20141017
001113,0,0,0,0,0,0,0,20140619,20141017
001114,0,0,0,0,0,0,0,20140619,20141017
001115,0,0,0,0,0,0,0,20140619,20141017
001116,0,0,0,0,0,0,0,20140619,20141017
001117,0,0,0,0,0,0,0,20140619,20141017
001118,0,0,0,0,0,0,0,20140619,20141017
001119,0,0,0,0,0,0,0,20140619,20141017
001120,0,0,0,0,0,0,0,20140619,20141017
001121,0,0,0,0,0,0,0,20140619,20141017
001122,0,0,0,0,0,0,0,20140619,20141017
001123,0,0,0,0,0,0,0,20140619,20141017
001124,0,0,0,0,0,0,0,20140619,20141017
001125,0,0,0,0,0,0,0,20140619,20141017
001126,0,0,0,0,0,0,0,20140619,20141017
001127,0,0,0,0,0,0,0,20140619,20141017
001128,0,0,0,0,0,0,0,20140619,20141017
001129,0,0,0,0,0,0,0,20140619,20141017
001130,0,0,0,0,0,0,0,20140619,20141017
001131,0,0,0,0,0,0,0,20140619,20141017
001132,0,0,0,0,0,0,0,20140619,20141017
001133,0,0,0,0,0,0,0,20140619,20141017
001134,0,0,0,0,0,0,0,20140619,20141017
001135,0,0,0,0,0,0,0,20140619,20141017
001136,0,0,0,0,0,0,0,20140619,20141017
001137,0,0,0,0,0,0,0,20140619,20141017
001138,0,0,0,0,0,0,0,20140619,20141017
001139,0,0,0,0,0,0,0,20140619,20141017
001140,0,0,0,0,0,0,0,20140619,20141017
001141,0,0,0,0,0,0,0,20140619,20141017
001142,0,0,0,0,0,0,0,20140619,20141017
001143,0,0,0,0,0,0,0,20140619,20141017
001144,0,0,0,0,0,0,0,20140619,20141017
001145,0,0,0,0,0,0,0,20140619,20141017
001146,0,0,0,0,0,0,0,20140619,20141017
001147,0,0,0,0,0,0,0,20140619,20141017
001148,0,0,0,0,0,0,0,20140619,20141017
001149,0,0,0,0,0,0,0,20140619,20141017
001150,0,0,0,0,0,0,0,20140619,20141017
001151,0,0,0,0,0,0,0,20140619,20141017
001152,0,0,0,0,0,0,0,20140619,20141017
001153,0,0,0,0,0,0,0,20140619,20141017
001156,0,0,0,0,0,0,0,20140619,20141017
001157,0,0,0,0,0,0,0,20140619,20141017
001158,0,0,0,0,0,0,0,20140619,20141017
001159,0,0,0,0,0,0,0,20140619,20141017
001160,0,0,0,0,0,0,0,20140619,20141017
001161,0,0,0,0,0,0,0,20140619,20141017
001162,0,0,0,0,0,0,0,20140619,20141017
001165,0,0,0,0,0,0,0,20140619,20141017
001168,0,0,0,0,0,0,0,20140619,20141017
001169,0,0,0,0,0,0,0,20140619,20141017
001170,0,0,0,0,0,0,0,20140619,20141017
001171,0,0,0,0,0,0,0,20140619,20141017
001172,0,0,0,0,0,0,0,20140619,20141017
001173,0,0,0,0,0,0,0,20140619,20141017
001174,0,0,0,0,0,0,0,20140619,20141017
001175,0,0,0,0,0,0,0,20140619,20141017
001176,0,0,0,0,0,0,0,20140619,20141017
001177,0,0,0,0,0,0,0,20140619,20141017
001178,0,0,0,0,0,0,0,20140619,20141017
001179,0,0,0,0,0,0,0,20140619,20141017
001180,0,0,0,0,0,0,0,20140619,20141017
001181,0,0,0,0,0,0,0,20140619,20141017
001182,0,0,0,0,0,0,0,20140619,20141017
001183,0,0,0,0,0,0,0,20140619,20141017
001184,0,0,0,0,0,0,0,20140619,20141017
001185,0,0,0,0,0,0,0,20140619,20141017
001186,0,0,0,0,0,0,0,20140619,20141017
001187,0,0,0,0,0,0,0,20140619,20141017
001188,0,0,0,0,0,0,0,20140619,20141017
001189,0,0,0,0,0,0,0,20140619,20141017
001190,0,0,0,0,0,0,0,20140619,20141017
001191,0,0,0,0,0,0,0,20140619,20141017
001192,0,0,0,0,0,0,0,20140619,20141017
001193,0,0,0,0,0,0,0,20140619,20141017
001194,0,0,0,0,0,0,0,20140619,20141017
001195,0,0,0,0,0,0,0,20140619,20141017
001196,0,0,0,0,0,0,0,20140619,20141017
001197,0,0,0,0,0,0,0,20140619,20141017
001198,0,0,0,0,0,0,0,20140619,20141017
001199,0,0,0,0,0,0,0,20140619,20141017
001202,0,0,0,0,0,0,0,20140619,20141017
001203,0,0,0,0,0,0,0,20140619,20141017
001205,0,0,0,0,0,0,0,20140619,20141017
001206,0,0,0,0,0,0,0,20140619,20141017
001208,0,0,0,0,0,0,0,20140619,20141017
001209,0,0,0,0,0,0,0,20140619,20141017
001210,0,0,0,0,0,0,0,20140619,20141017
001211,0,0,0,0,0,0,0,20140619,20141017
001212,0,0,0,0,0,0,0,20140619,20141017
001214,0,0,0,0,0,0,0,20140619,20141017
001215,0,0,0,0,0,0,0,20140619,20141017
001216,0,0,0,0,0,0,0,20140619,20141017
001217,0,0,0,0,0,0,0,20140619,20141017
001218,0,0,0,0,0,0,0,20140619,20141017
001219,0,0,0,0,0,0,0,20140619,20141017
001220,0,0,0,0,0,0,0,20140619,20141017
001221,0,0,0,0,0,0,0,20140619,20141017
001224,0,0,0,0,0,0,0,20140619,20141017
001225,0,0,0,0,0,0,0,20140619,20141017
001226,0,0,0,0,0,0,0,20140619,20141017
001227,0,0,0,0,0,0,0,20140619,20141017
001228,0,0,0,0,0,0,0,20140619,20141017
001230,0,0,0,0,0,0,0,20140619,20141017
001231,0,0,0,0,0,0,0,20140619,20141017
001232,0,0,0,0,0,0,0,20140619,20141017
001233,0,0,0,0,0,0,0,20140619,20141017
001234,0,0,0,0,0,0,0,20140619,20141017
001235,0,0,0,0,0,0,0,20140619,20141017
001236,0,0,0,0,0,0,0,20140619,20141017
001237,0,0,0,0,0,0,0,20140619,20141017
001238,0,0,0,0,0,0,0,20140619,20141017
001239,0,0,0,0,0,0,0,20140619,20141017
001240,0,0,0,0,0,0,0,20140619,20141017
001243,0,0,0,0,0,0,0,20140619,20141017
001244,0,0,0,0,0,0,0,20140619,20141017
001245,0,0,0,0,0,0,0,20140619,20141017
001246,0,0,0,0,0,0,0,20140619,20141017
001247,0,0,0,0,0,0,0,20140619,20141017
001248,0,0,0,0,0,0,0,20140619,20141017
001249,0,0,0,0,0,0,0,20140619,20141017
001250,0,0,0,0,0,0,0,20140619,20141017
001251,0,0,0,0,0,0,0,20140619,20141017
001252,0,0,0,0,0,0,0,20140619,20141017
001253,0,0,0,0,0,0,0,20140619,20141017
001255,0,0,0,0,0,0,0,20140619,20141017
001256,0,0,0,0,0,0,0,20140619,20141017
001257,0,0,0,0,0,0,0,20140619,20141017
001258,0,0,0,0,0,0,0,20140619,20141017
001259,0,0,0,0,0,0,0,20140619,20141017
001260,0,0,0,0,0,0,0,20140619,20141017
001261,0,0,0,0,0,0,0,20140619,20141017
001263,0,0,0,0,0,0,0,20140619,20141017
001269,0,0,0,0,0,0,0,20140619,20141017
001271,0,0,0,0,0,0,0,20140619,20141017
001272,0,0,0,0,0,0,0,20140619,20141017
001276,0,0,0,0,0,0,0,20140619,20141017
001277,0,0,0,0,0,0,0,20140619,20141017
001278,0,0,0,0,0,0,0,20140619,20141017
001279,0,0,0,0,0,0,0,20140619,20141017
001280,0,0,0,0,0,0,0,20140619,20141017
001284,0,0,0,0,0,0,0,20140619,20141017
001285,0,0,0,0,0,0,0,20140619,20141017
001286,0,0,0,0,0,0,0,20140619,20141017
001287,0,0,0,0,0,0,0,20140619,20141017
001288,0,0,0,0,0,0,0,20140619,20141017
001289,0,0,0,0,0,0,0,20140619,20141017
001290,0,0,0,0,0,0,0,20140619,20141017
001291,0,0,0,0,0,0,0,20140619,20141017
001292,0,0,0,0,0,0,0,20140619,20141017
001293,0,0,0,0,0,0,0,20140619,20141017
001294,0,0,0,0,0,0,0,20140619,20141017
001295,0,0,0,0,0,0,0,20140619,20141017
001296,0,0,0,0,0,0,0,20140619,20141017
001297,0,0,0,0,0,0,0,20140619,20141017
001298,0,0,0,0,0,0,0,20140619,20141017
001299,0,0,0,0,0,0,0,20140619,20141017
001300,0,0,0,0,0,0,0,20140619,20141017
001301,0,0,0,0,0,0,0,20140619,20141017
001311,0,0,0,0,0,0,0,20140619,20141017
001312,0,0,0,0,0,0,0,20140619,20141017
001313,0,0,0,0,0,0,0,20140619,20141017
001314,0,0,0,0,0,0,0,20140619,20141017
001315,0,0,0,0,0,0,0,20140619,20141017
001316,0,0,0,0,0,0,0,20140619,20141017
001317,0,0,0,0,0,0,0,20140619,20141017
001318,0,0,0,0,0,0,0,20140619,20141017
001319,0,0,0,0,0,0,0,20140619,20141017
001320,0,0,0,0,0,0,0,20140619,20141017
001321,0,0,0,0,0,0,0,20140619,20141017
001322,0,0,0,0,0,0,0,20140619,20141017
001323,0,0,0,0,0,0,0,20140619,20141017
001324,0,0,0,0,0,0,0,20140619,20141017
001329,0,0,0,0,0,0,0,20140619,20141017
001330,0,0,0,0,0,0,0,20140619,20141017
001331,0,0,0,0,0,0,0,20140619,20141017
001332,0,0,0,0,0,0,0,20140619,20141017
001333,0,0,0,0,0,0,0,20140619,20141017
001334,0,0,0,0,0,0,0,20140619,20141017
001335,0,0,0,0,0,0,0,20140619,20141017
001336,0,0,0,0,0,0,0,20140619,20141017
001339,0,0,0,0,0,0,0,20140619,20141017
001340,0,0,0,0,0,0,0,20140619,20141017
001341,0,0,0,0,0,0,0,20140619,20141017
001342,0,0,0,0,0,0,0,20140619,20141017
001344,0,0,0,0,0,0,0,20140619,20141017
001345,0,0,0,0,0,0,0,20140619,20141017
001346,0,0,0,0,0,0,0,20140619,20141017
001347,0,0,0,0,0,0,0,20140619,20141017
001348,0,0,0,0,0,0,0,20140619,20141017
001349,0,0,0,0,0,0,0,20140619,20141017
001350,0,0,0,0,0,0,0,20140619,20141017
001351,0,0,0,0,0,0,0,20140619,20141017
001353,0,0,0,0,0,0,0,20140619,20141017
001354,0,0,0,0,0,0,0,20140619,20141017
001355,0,0,0,0,0,0,0,20140619,20141017
001356,0,0,0,0,0,0,0,20140619,20141017
001357,0,0,0,0,0,0,0,20140619,20141017
001358,0,0,0,0,0,0,0,20140619,20141017
001359,0,0,0,0,0,0,0,20140619,20141017
001360,0,0,0,0,0,0,0,20140619,20141017
001361,0,0,0,0,0,0,0,20140619,20141017
001362,0,0,0,0,0,0,0,20140619,20141017
001363,0,0,0,0,0,0,0,20140619,20141017
001364,0,0,0,0,0,0,0,20140619,20141017
001365,0,0,0,0,0,0,0,20140619,20141017
001366,0,0,0,0,0,0,0,20140619,20141017
001367,0,0,0,0,0,0,0,20140619,20141017
001368,0,0,0,0,0,0,0,20140619,20141017
001369,0,0,0,0,0,0,0,20140619,20141017
001370,0,0,0,0,0,0,0,20140619,20141017
001371,0,0,0,0,0,0,0,20140619,20141017
001372,0,0,0,0,0,0,0,20140619,20141017
001373,0,0,0,0,0,0,0,20140619,20141017
001374,0,0,0,0,0,0,0,20140619,20141017
001379,0,0,0,0,0,0,0,20140619,20141017
001380,0,0,0,0,0,0,0,20140619,20141017
001381,0,0,0,0,0,0,0,20140619,20141017
001382,0,0,0,0,0,0,0,20140619,20141017
001383,0,0,0,0,0,0,0,20140619,20141017
001384,0,0,0,0,0,0,0,20140619,20141017
001385,0,0,0,0,0,0,0,20140619,20141017
001386,0,0,0,0,0,0,0,20140619,20141017
001387,0,0,0,0,0,0,0,20140619,20141017
001388,0,0,0,0,0,0,0,20140619,20141017
001389,0,0,0,0,0,0,0,20140619,20141017
001390,0,0,0,0,0,0,0,20140619,20141017
001391,0,0,0,0,0,0,0,20140619,20141017
001392,0,0,0,0,0,0,0,20140619,20141017
001394,0,0,0,0,0,0,0,20140619,20141017
001395,0,0,0,0,0,0,0,20140619,20141017
001397,0,0,0,0,0,0,0,20140619,20141017
001398,0,0,0,0,0,0,0,20140619,20141017
001400,0,0,0,0,0,0,0,20140619,20141017
001401,0,0,0,0,0,0,0,20140619,20141017
001402,0,0,0,0,0,0,0,20140619,20141017
001404,0,0,0,0,0,0,0,20140619,20141017
001408,0,0,0,0,0,0,0,20140619,20141017
001409,0,0,0,0,0,0,0,20140619,20141017
001410,0,0,0,0,0,0,0,20140619,20141017
001411,0,0,0,0,0,0,0,20140619,20141017
001412,0,0,0,0,0,0,0,20140619,20141017
001413,0,0,0,0,0,0,0,20140619,20141017
001414,0,0,0,0,0,0,0,20140619,20141017
001415,0,0,0,0,0,0,0,20140619,20141017
001416,0,0,0,0,0,0,0,20140619,20141017
001417,0,0,0,0,0,0,0,20140619,20141017
001418,0,0,0,0,0,0,0,20140619,20141017
001419,0,0,0,0,0,0,0,20140619,20141017
001420,0,0,0,0,0,0,0,20140619,20141017
001421,0,0,0,0,0,0,0,20140619,20141017
001422,0,0,0,0,0,0,0,20140619,20141017
001423,0,0,0,0,0,0,0,20140619,20141017
001427,0,0,0,0,0,0,0,20140619,20141017
001429,0,0,0,0,0,0,0,20140619,20141017
001430,0,0,0,0,0,0,0,20140619,20141017
001431,0,0,0,0,0,0,0,20140619,20141017
001432,0,0,0,0,0,0,0,20140619,20141017
001435,0,0,0,0,0,0,0,20140619,20141017
001436,0,0,0,0,0,0,0,20140619,20141017
001439,0,0,0,0,0,0,0,20140619,20141017
001440,0,0,0,0,0,0,0,20140619,20141017
001441,0,0,0,0,0,0,0,20140619,20141017
001442,0,0,0,0,0,0,0,20140619,20141017
001443,0,0,0,0,0,0,0,20140619,20141017
001444,0,0,0,0,0,0,0,20140619,20141017
001445,0,0,0,0,0,0,0,20140619,20141017
001446,0,0,0,0,0,0,0,20140619,20141017
001447,0,0,0,0,0,0,0,20140619,20141017
001448,0,0,0,0,0,0,0,20140619,20141017
001449,0,0,0,0,0,0,0,20140619,20141017
001450,0,0,0,0,0,0,0,20140619,20141017
001451,0,0,0,0,0,0,0,20140619,20141017
001452,0,0,0,0,0,0,0,20140619,20141017
001453,0,0,0,0,0,0,0,20140619,20141017
001454,0,0,0,0,0,0,0,20140619,20141017
001455,0,0,0,0,0,0,0,20140619,20141017
001456,0,0,0,0,0,0,0,20140619,20141017
001457,0,0,0,0,0,0,0,20140619,20141017
001459,0,0,0,0,0,0,0,20140619,20141017
001460,0,0,0,0,0,0,0,20140619,20141017
001461,0,0,0,0,0,0,0,20140619,20141017
001462,0,0,0,0,0,0,0,20140619,20141017
001467,0,0,0,0,0,0,0,20140619,20141017
001468,0,0,0,0,0,0,0,20140619,20141017
001472,0,0,0,0,0,0,0,20140619,20141017
001473,0,0,0,0,0,0,0,20140619,20141017
001476,0,0,0,0,0,0,0,20140619,20141017
001477,0,0,0,0,0,0,0,20140619,20141017
001478,0,0,0,0,0,0,0,20140619,20141017
001479,0,0,0,0,0,0,0,20140619,20141017
001480,0,0,0,0,0,0,0,20140619,20141017
001481,0,0,0,0,0,0,0,20140619,20141017
001484,0,0,0,0,0,0,0,20140619,20141017
001485,0,0,0,0,0,0,0,20140619,20141017
001486,0,0,0,0,0,0,0,20140619,20141017
001487,0,0,0,0,0,0,0,20140619,20141017
001488,0,0,0,0,0,0,0,20140619,20141017
001489,0,0,0,0,0,0,0,20140619,20141017
001490,0,0,0,0,0,0,0,20140619,20141017
001491,0,0,0,0,0,0,0,20140619,20141017
001492,0,0,0,0,0,0,0,20140619,20141017
001493,0,0,0,0,0,0,0,20140619,20141017
001494,0,0,0,0,0,0,0,20140619,20141017
001495,0,0,0,0,0,0,0,20140619,20141017
001496,0,0,0,0,0,0,0,20140619,20141017
001497,0,0,0,0,0,0,0,20140619,20141017
001498,0,0,0,0,0,0,0,20140619,20141017
001499,0,0,0,0,0,0,0,20140619,20141017
001500,0,0,0,0,0,0,0,20140619,20141017
001501,0,0,0,0,0,0,0,20140619,20141017
001502,0,0,0,0,0,0,0,20140619,20141017
001503,0,0,0,0,0,0,0,20140619,20141017
001504,0,0,0,0,0,0,0,20140619,20141017
001530,0,0,0,0,0,0,0,20140619,20141017
001531,0,0,0,0,0,0,0,20140619,20141017
001532,0,0,0,0,0,0,0,20140619,20141017
001533,0,0,0,0,0,0,0,20140619,20141017
001534,0,0,0,0,0,0,0,20140619,20141017
001535,0,0,0,0,0,0,0,20140619,20141017
001536,0,0,0,0,0,0,0,20140619,20141017
001537,0,0,0,0,0,0,0,20140619,20141017
001538,0,0,0,0,0,0,0,20140619,20141017
001539,0,0,0,0,0,0,0,20140619,20141017
001540,0,0,0,0,0,0,0,20140619,20141017
001541,0,0,0,0,0,0,0,20140619,20141017
001553,0,0,0,0,0,0,0,20140619,20141017
001554,0,0,0,0,0,0,0,20140619,20141017
001555,0,0,0,0,0,0,0,20140619,20141017
001557,0,0,0,0,0,0,0,20140619,20141017
001558,0,0,0,0,0,0,0,20140619,20141017
001559,0,0,0,0,0,0,0,20140619,20141017
001561,0,0,0,0,0,0,0,20140619,20141017
001562,0,0,0,0,0,0,0,20140619,20141017
001564,0,0,0,0,0,0,0,20140619,20141017
001569,0,0,0,0,0,0,0,20140619,20141017
001571,0,0,0,0,0,0,0,20140619,20141017
001572,0,0,0,0,0,0,0,20140619,20141017
001573,0,0,0,0,0,0,0,20140619,20141017
001574,0,0,0,0,0,0,0,20140619,20141017
001575,0,0,0,0,0,0,0,20140619,20141017
001576,0,0,0,0,0,0,0,20140619,20141017
001577,0,0,0,0,0,0,0,20140619,20141017
001578,0,0,0,0,0,0,0,20140619,20141017
001579,0,0,0,0,0,0,0,20140619,20141017
001580,0,0,0,0,0,0,0,20140619,20141017
001583,0,0,0,0,0,0,0,20140619,20141017
001584,0,0,0,0,0,0,0,20140619,20141017
001585,0,0,0,0,0,0,0,20140619,20141017
001586,0,0,0,0,0,0,0,20140619,20141017
001587,0,0,0,0,0,0,0,20140619,20141017
001588,0,0,0,0,0,0,0,20140619,20141017
001589,0,0,0,0,0,0,0,20140619,20141017
001590,0,0,0,0,0,0,0,20140619,20141017
001591,0,0,0,0,0,0,0,20140619,20141017
001596,0,0,0,0,0,0,0,20140619,20141017
001597,0,0,0,0,0,0,0,20140619,20141017
001598,0,0,0,0,0,0,0,20140619,20141017
001599,0,0,0,0,0,0,0,20140619,20141017
001600,0,0,0,0,0,0,0,20140619,20141017
001601,0,0,0,0,0,0,0,20140619,20141017
001602,0,0,0,0,0,0,0,20140619,20141017
001603,0,0,0,0,0,0,0,20140619,20141017
001604,0,0,0,0,0,0,0,20140619,20141017
001605,0,0,0,0,0,0,0,20140619,20141017
001606,0,0,0,0,0,0,0,20140619,20141017
001607,0,0,0,0,0,0,0,20140619,20141017
001608,0,0,0,0,0,0,0,20140619,20141017
001609,0,0,0,0,0,0,0,20140619,20141017
001610,0,0,0,0,0,0,0,20140619,20141017
001611,0,0,0,0,0,0,0,20140619,20141017
001612,0,0,0,0,0,0,0,20140619,20141017
001613,0,0,0,0,0,0,0,20140619,20141017
001614,0,0,0,0,0,0,0,20140619,20141017
001615,0,0,0,0,0,0,0,20140619,20141017
001616,0,0,0,0,0,0,0,20140619,20141017
001617,0,0,0,0,0,0,0,20140619,20141017
001618,0,0,0,0,0,0,0,20140619,20141017
001619,0,0,0,0,0,0,0,20140619,20141017
001620,0,0,0,0,0,0,0,20140619,20141017
001621,0,0,0,0,0,0,0,20140619,20141017
001622,0,0,0,0,0,0,0,20140619,20141017
001623,0,0,0,0,0,0,0,20140619,20141017
001624,0,0,0,0,0,0,0,20140619,20141017
001625,0,0,0,0,0,0,0,20140619,20141017
001626,0,0,0,0,0,0,0,20140619,20141017
001627,0,0,0,0,0,0,0,20140619,20141017
001628,0,0,0,0,0,0,0,20140619,20141017
001629,0,0,0,0,0,0,0,20140619,20141017
001630,0,0,0,0,0,0,0,20140619,20141017
001631,0,0,0,0,0,0,0,20140619,20141017
001632,0,0,0,0,0,0,0,20140619,20141017
001633,0,0,0,0,0,0,0,20140619,20141017
001634,0,0,0,0,0,0,0,20140619,20141017
001635,0,0,0,0,0,0,0,20140619,20141017
001636,0,0,0,0,0,0,0,20140619,20141017
001637,0,0,0,0,0,0,0,20140619,20141017
001638,0,0,0,0,0,0,0,20140619,20141017
001639,0,0,0,0,0,0,0,20140619,20141017
001640,0,0,0,0,0,0,0,20140619,20141017
001641,0,0,0,0,0,0,0,20140619,20141017
001642,0,0,0,0,0,0,0,20140619,20141017
001643,0,0,0,0,0,0,0,20140619,20141017
001644,0,0,0,0,0,0,0,20140619,20141017
001645,0,0,0,0,0,0,0,20140619,20141017
001646,0,0,0,0,0,0,0,20140619,20141017
001647,0,0,0,0,0,0,0,20140619,20141017
001648,0,0,0,0,0,0,0,20140619,20141017
001654,0,0,0,0,0,0,0,20140619,20141017
001658,0,0,0,0,0,0,0,20140619,20141017
001659,0,0,0,0,0,0,0,20140619,20141017
001660,0,0,0,0,0,0,0,20140619,20141017
001661,0,0,0,0,0,0,0,20140619,20141017
001663,0,0,0,0,0,0,0,20140619,20141017
001664,0,0,0,0,0,0,0,20140619,20141017
001672,0,0,0,0,0,0,0,20140619,20141017
001673,0,0,0,0,0,0,0,20140619,20141017
001675,0,0,0,0,0,0,0,20140619,20141017
001676,0,0,0,0,0,0,0,20140619,20141017
001677,0,0,0,0,0,0,0,20140619,20141017
001678,0,0,0,0,0,0,0,20140619,20141017
001679,0,0,0,0,0,0,0,20140619,20141017
001683,0,0,0,0,0,0,0,20140619,20141017
001685,0,0,0,0,0,0,0,20140619,20141017
001687,0,0,0,0,0,0,0,20140619,20141017
001690,0,0,0,0,0,0,0,20140619,20141017
001691,0,0,0,0,0,0,0,20140619,20141017
001692,0,0,0,0,0,0,0,20140619,20141017
001693,0,0,0,0,0,0,0,20140619,20141017
001694,0,0,0,0,0,0,0,20140619,20141017
001695,0,0,0,0,0,0,0,20140619,20141017
001696,0,0,0,0,0,0,0,20140619,20141017
001697,0,0,0,0,0,0,0,20140619,20141017
001698,0,0,0,0,0,0,0,20140619,20141017
001699,0,0,0,0,0,0,0,20140619,20141017
001700,0,0,0,0,0,0,0,20140619,20141017
001701,0,0,0,0,0,0,0,20140619,20141017
001702,0,0,0,0,0,0,0,20140619,20141017
001703,0,0,0,0,0,0,0,20140619,20141017
001704,0,0,0,0,0,0,0,20140619,20141017
001705,0,0,0,0,0,0,0,20140619,20141017
001706,0,0,0,0,0,0,0,20140619,20141017
001707,0,0,0,0,0,0,0,20140619,20141017
001708,0,0,0,0,0,0,0,20140619,20141017
001709,0,0,0,0,0,0,0,20140619,20141017
001710,0,0,0,0,0,0,0,20140619,20141017
001711,0,0,0,0,0,0,0,20140619,20141017
001712,0,0,0,0,0,0,0,20140619,20141017
001713,0,0,0,0,0,0,0,20140619,20141017
001714,0,0,0,0,0,0,0,20140619,20141017
001715,0,0,0,0,0,0,0,20140619,20141017
001716,0,0,0,0,0,0,0,20140619,20141017
001717,0,0,0,0,0,0,0,20140619,20141017
001719,0,0,0,0,0,0,0,20140619,20141017
001729,0,0,0,0,0,0,0,20140619,20141017
001730,0,0,0,0,0,0,0,20140619,20141017
001731,0,0,0,0,0,0,0,20140619,20141017
001732,0,0,0,0,0,0,0,20140619,20141017
001733,0,0,0,0,0,0,0,20140619,20141017
001734,0,0,0,0,0,0,0,20140619,20141017
001735,0,0,0,0,0,0,0,20140619,20141017
001736,0,0,0,0,0,0,0,20140619,20141017
001737,0,0,0,0,0,0,0,20140619,20141017
001738,0,0,0,0,0,0,0,20140619,20141017
001739,0,0,0,0,0,0,0,20140619,20141017
001740,0,0,0,0,0,0,0,20140619,20141017
001741,0,0,0,0,0,0,0,20140619,20141017
001742,0,0,0,0,0,0,0,20140619,20141017
001743,0,0,0,0,0,0,0,20140619,20141017
001744,0,0,0,0,0,0,0,20140619,20141017
001745,0,0,0,0,0,0,0,20140619,20141017
001746,0,0,0,0,0,0,0,20140619,20141017
001747,0,0,0,0,0,0,0,20140619,20141017
001748,0,0,0,0,0,0,0,20140619,20141017
001749,0,0,0,0,0,0,0,20140619,20141017
001750,0,0,0,0,0,0,0,20140619,20141017
001751,0,0,0,0,0,0,0,20140619,20141017
001752,0,0,0,0,0,0,0,20140619,20141017
001753,0,0,0,0,0,0,0,20140619,20141017
001754,0,0,0,0,0,0,0,20140619,20141017
001755,0,0,0,0,0,0,0,20140619,20141017
001756,0,0,0,0,0,0,0,20140619,20141017
001757,0,0,0,0,0,0,0,20140619,20141017
001758,0,0,0,0,0,0,0,20140619,20141017
001759,0,0,0,0,0,0,0,20140619,20141017
001760,0,0,0,0,0,0,0,20140619,20141017
001761,0,0,0,0,0,0,0,20140619,20141017
001762,0,0,0,0,0,0,0,20140619,20141017
001763,0,0,0,0,0,0,0,20140619,20141017
001764,0,0,0,0,0,0,0,20140619,20141017
001765,0,0,0,0,0,0,0,20140619,20141017
001766,0,0,0,0,0,0,0,20140619,20141017
001767,0,0,0,0,0,0,0,20140619,20141017
001768,0,0,0,0,0,0,0,20140619,20141017
001769,0,0,0,0,0,0,0,20140619,20141017
001770,0,0,0,0,0,0,0,20140619,20141017
001771,0,0,0,0,0,0,0,20140619,20141017
001772,0,0,0,0,0,0,0,20140619,20141017
001773,0,0,0,0,0,0,0,20140619,20141017
001774,0,0,0,0,0,0,0,20140619,20141017
001775,0,0,0,0,0,0,0,20140619,20141017
001776,0,0,0,0,0,0,0,20140619,20141017
001777,0,0,0,0,0,0,0,20140619,20141017
001778,0,0,0,0,0,0,0,20140619,20141017
001779,0,0,0,0,0,0,0,20140619,20141017
001780,0,0,0,0,0,0,0,20140619,20141017
001781,0,0,0,0,0,0,0,20140619,20141017
001782,0,0,0,0,0,0,0,20140619,20141017
001783,0,0,0,0,0,0,0,20140619,20141017
001784,0,0,0,0,0,0,0,20140619,20141017
001785,0,0,0,0,0,0,0,20140619,20141017
001786,0,0,0,0,0,0,0,20140619,20141017
001787,0,0,0,0,0,0,0,20140619,20141017
001788,0,0,0,0,0,0,0,20140619,20141017
001789,0,0,0,0,0,0,0,20140619,20141017
001790,0,0,0,0,0,0,0,20140619,20141017
001792,0,0,0,0,0,0,0,20140619,20141017
001793,0,0,0,0,0,0,0,20140619,20141017
001794,0,0,0,0,0,0,0,20140619,20141017
001795,0,0,0,0,0,0,0,20140619,20141017
001796,0,0,0,0,0,0,0,20140619,20141017
001797,0,0,0,0,0,0,0,20140619,20141017
001798,0,0,0,0,0,0,0,20140619,20141017
001799,0,0,0,0,0,0,0,20140619,20141017
001800,0,0,0,0,0,0,0,20140619,20141017
001801,0,0,0,0,0,0,0,20140619,20141017
001802,0,0,0,0,0,0,0,20140619,20141017
001803,0,0,0,0,0,0,0,20140619,20141017
001804,0,0,0,0,0,0,0,20140619,20141017
001805,0,0,0,0,0,0,0,20140619,20141017
001806,0,0,0,0,0,0,0,20140619,20141017
001807,0,0,0,0,0,0,0,20140619,20141017
001808,0,0,0,0,0,0,0,20140619,20141017
001809,0,0,0,0,0,0,0,20140619,20141017
001810,0,0,0,0,0,0,0,20140619,20141017
001811,0,0,0,0,0,0,0,20140619,20141017
001812,0,0,0,0,0,0,0,20140619,20141017
001813,0,0,0,0,0,0,0,20140619,20141017
001814,0,0,0,0,0,0,0,20140619,20141017
001815,0,0,0,0,0,0,0,20140619,20141017
001816,0,0,0,0,0,0,0,20140619,20141017
001817,0,0,0,0,0,0,0,20140619,20141017
001818,0,0,0,0,0,0,0,20140619,20141017
001819,0,0,0,0,0,0,0,20140619,20141017
001820,0,0,0,0,0,0,0,20140619,20141017
001821,0,0,0,0,0,0,0,20140619,20141017
001822,0,0,0,0,0,0,0,20140619,20141017
001823,0,0,0,0,0,0,0,20140619,20141017
001824,0,0,0,0,0,0,0,20140619,20141017
001825,0,0,0,0,0,0,0,20140619,20141017
001826,0,0,0,0,0,0,0,20140619,20141017
001827,0,0,0,0,0,0,0,20140619,20141017
001828,0,0,0,0,0,0,0,20140619,20141017
001829,0,0,0,0,0,0,0,20140619,20141017
001830,0,0,0,0,0,0,0,20140619,20141017
001831,0,0,0,0,0,0,0,20140619,20141017
001832,0,0,0,0,0,0,0,20140619,20141017
001833,0,0,0,0,0,0,0,20140619,20141017
001834,0,0,0,0,0,0,0,20140619,20141017
001835,0,0,0,0,0,0,0,20140619,20141017
001836,0,0,0,0,0,0,0,20140619,20141017
001837,0,0,0,0,0,0,0,20140619,20141017
001838,0,0,0,0,0,0,0,20140619,20141017
001839,0,0,0,0,0,0,0,20140619,20141017
001840,0,0,0,0,0,0,0,20140619,20141017
001841,0,0,0,0,0,0,0,20140619,20141017
001842,0,0,0,0,0,0,0,20140619,20141017
001843,0,0,0,0,0,0,0,20140619,20141017
001844,0,0,0,0,0,0,0,20140619,20141017
001845,0,0,0,0,0,0,0,20140619,20141017
001846,0,0,0,0,0,0,0,20140619,20141017
001847,0,0,0,0,0,0,0,20140619,20141017
001849,0,0,0,0,0,0,0,20140619,20141017
001850,0,0,0,0,0,0,0,20140619,20141017
001851,0,0,0,0,0,0,0,20140619,20141017
001853,0,0,0,0,0,0,0,20140619,20141017
001854,0,0,0,0,0,0,0,20140619,20141017
001856,0,0,0,0,0,0,0,20140619,20141017
001858,0,0,0,0,0,0,0,20140619,20141017
001859,0,0,0,0,0,0,0,20140619,20141017
001860,0,0,0,0,0,0,0,20140619,20141017
001861,0,0,0,0,0,0,0,20140619,20141017
001863,0,0,0,0,0,0,0,20140619,20141017
001864,0,0,0,0,0,0,0,20140619,20141017
001865,0,0,0,0,0,0,0,20140619,20141017
001866,0,0,0,0,0,0,0,20140619,20141017
001867,0,0,0,0,0,0,0,20140619,20141017
001868,0,0,0,0,0,0,0,20140619,20141017
001869,0,0,0,0,0,0,0,20140619,20141017
001870,0,0,0,0,0,0,0,20140619,20141017
001871,0,0,0,0,0,0,0,20140619,20141017
001872,0,0,0,0,0,0,0,20140619,20141017
001873,0,0,0,0,0,0,0,20140619,20141017
001874,0,0,0,0,0,0,0,20140619,20141017
